L   order   U   TEdim   vs   
16   LSDSR   3.5   128   0.75   0.4994723780920213
16   LSDSR   3.55   128   0.75   0.49939849365614847
16   LSDSR   3.6   128   0.75   0.4994886269014003
16   LSDSR   3.65   128   0.75   0.5001757181286284
16   LSDSR   3.7   128   0.75   0.4989739430558265
16   LSDSR   3.75   128   0.75   0.5011851016750555
16   LSDSR   3.8   128   0.75   0.5176410595550803
16   LSDSR   3.85   128   0.75   0.5361983274087686
16   LSDSR   3.9   128   0.75   0.5624026421177315
16   LSDSR   3.95   128   0.75   0.6335904066079754
16   LSDSR   4.0   128   0.75   0.7101284873942364
16   LSDSR   4.05   128   0.75   0.7712117427250514
16   LSDSR   4.1   128   0.75   0.833113161324422
16   LSDSR   4.15   128   0.75   0.8737391205312712
16   LSDSR   4.2   128   0.75   0.8915847435926396
16   LSDSR   4.25   128   0.75   0.9023428515684854
16   LSDSR   4.3   128   0.75   0.9114767237862167
16   LSDSR   4.35   128   0.75   0.918622732075622
16   LSDSR   4.4   128   0.75   0.9251089920265658
16   LSDSR   4.45   128   0.75   0.9311201647669225
32   LSDSR   3.3   128   0.75   0.5035633078842827
32   LSDSR   3.35   128   0.75   0.5041857476993727
32   LSDSR   3.4   128   0.75   0.506377682003657
32   LSDSR   3.45   128   0.75   0.5058662546258976
32   LSDSR   3.5   128   0.75   0.5111507913970044
32   LSDSR   3.525   128   0.75   0.5193595230452309
32   LSDSR   3.55   128   0.75   0.535219729047242
32   LSDSR   3.575   128   0.75   0.5693015354679771
32   LSDSR   3.6   128   0.75   0.6659468472078436
32   LSDSR   3.65   128   0.75   0.7389556411781655
32   LSDSR   3.7   128   0.75   0.7918334729448429
32   LSDSR   3.75   128   0.75   0.823606002322107
32   LSDSR   3.8   128   0.75   0.84637776520297
32   LSDSR   3.85   128   0.75   0.8633114606179425
32   LSDSR   3.9   128   0.75   0.8766376448777351
32   LSDSR   3.95   128   0.75   0.8893145518836363
32   LSDSR   4.0   128   0.75   0.9000311203146317
64   LSDSR   3.3   128   0.75   0.512469868813628
64   LSDSR   3.35   128   0.75   0.5174203322952673
64   LSDSR   3.4   128   0.75   0.527084438307307
64   LSDSR   3.45   128   0.75   0.5458042500717031
64   LSDSR   3.5   128   0.75   0.5980894980703664
64   LSDSR   3.55   128   0.75   0.7091604086561528
64   LSDSR   3.6   128   0.75   0.7793260227180081
64   LSDSR   3.65   128   0.75   0.8258546627579447
64   LSDSR   3.7   128   0.75   0.8558485287690354
64   LSDSR   3.75   128   0.75   0.8767182015793145
64   LSDSR   3.8   128   0.75   0.8949547384245224
64   LSDSR   3.85   128   0.75   0.9099875568117254
64   LSDSR   3.9   128   0.75   0.9229175688415836
64   LSDSR   3.95   128   0.75   0.9311098179848831
64   LSDSR   4.0   128   0.75   0.9369422014568887
128   LSDSR   3.3   128   0.75   0.5098836355681197
128   LSDSR   3.35   128   0.75   0.513874592881842
128   LSDSR   3.4   128   0.75   0.53279284777081
128   LSDSR   3.45   128   0.75   0.5942611435192168
128   LSDSR   3.5   128   0.75   0.7165551085939611
128   LSDSR   3.55   128   0.75   0.8050618147638255
128   LSDSR   3.6   128   0.75   0.8495090973263351
128   LSDSR   3.65   128   0.75   0.8775315924202188
128   LSDSR   3.7   128   0.75   0.8985616800247163
128   LSDSR   3.75   128   0.75   0.9150724449031081
128   LSDSR   3.8   128   0.75   0.9258128250313487
128   LSDSR   3.85   128   0.75   0.9332161183128547
128   LSDSR   3.9   128   0.75   0.9391988488918688
128   LSDSR   3.95   128   0.75   0.9441640605346586
128   LSDSR   4.0   128   0.75   0.9478635438493519
256   LSDSR   3.1   128   0.75   0.4861612809347273
256   LSDSR   3.15   128   0.75   0.4865926278520778
256   LSDSR   3.2   128   0.75   0.48621217596517274
256   LSDSR   3.25   128   0.75   0.4950747669991127
256   LSDSR   3.3   128   0.75   0.5060881858728493
256   LSDSR   3.35   128   0.75   0.534984258370961
256   LSDSR   3.4   128   0.75   0.6059572730567218
256   LSDSR   3.45   128   0.75   0.6900589421169815
256   LSDSR   3.5   128   0.75   0.7732853567434327
256   LSDSR   3.55   128   0.75   0.8189953780955188
256   LSDSR   3.6   128   0.75   0.8854911677089159
256   LSDSR   3.65   128   0.75   0.9067507302455865
256   LSDSR   3.7   128   0.75   0.9231511298592001
