L   order   U   TEdim   vs   biasLR   
64   DLRSLR   3.0   128   0.75   0.25   0.5028632226740514
64   DLRSLR   3.1   128   0.75   0.25   0.5057086669770723
64   DLRSLR   3.2   128   0.75   0.25   0.5068788901346638
64   DLRSLR   3.3   128   0.75   0.25   0.5129455262540974
64   DLRSLR   3.4   128   0.75   0.25   0.5239856458187118
64   DLRSLR   3.5   128   0.75   0.25   0.5322872822159985
64   DLRSLR   3.6   128   0.75   0.25   0.5303738309585516
64   DLRSLR   3.7   128   0.75   0.25   0.6595382118616036
64   DLRSLR   3.8   128   0.75   0.25   0.8298269303848373
64   DLRSLR   3.9   128   0.75   0.25   0.8825287312502043
64   DLRSLR   4.0   128   0.75   0.25   0.9187305371026941
